134 221
137 254
142 286
148 317
159 346
177 373
200 399
227 418
256 423
284 417
311 399
332 375
348 349
360 321
367 292
373 261
376 230
158 204
177 195
198 194
218 198
237 207
276 209
295 202
316 200
336 202
353 212
257 238
257 261
256 284
256 307
236 318
245 321
255 325
265 321
275 318
179 234
192 226
210 229
223 244
207 245
190 243
287 246
300 232
317 231
331 240
319 248
302 249
211 350
229 348
245 344
256 347
267 344
281 347
297 350
282 366
268 373
256 375
244 373
228 366
218 353
244 358
256 359
267 358
290 353
267 357
256 359
245 357
